0,btt-8-083Fig3,C0738276,0,1.0,0.0,0.0,0.0,0.0,0.0,0.0,0.0,0.0,0.0
1,abcd-28-01-0087-g03,C0738276,0,1.0,0.0,0.0,0.0,0.0,0.0,0.0,0.0,0.0,0.0
2,ipej030157-10,C1287716,1,0.0,1.0,0.0,0.0,0.0,0.0,0.0,0.0,0.0,0.0
3,aps-43-590-g001,C0576088,2,0.0,0.0,1.0,0.0,0.0,0.0,0.0,0.0,0.0,0.0
4,aps-43-590-g002,C0576088,2,0.0,0.0,1.0,0.0,0.0,0.0,0.0,0.0,0.0,0.0
5,aps-43-590-g005,C0576088,2,0.0,0.0,1.0,0.0,0.0,0.0,0.0,0.0,0.0,0.0
6,aps-43-590-g006,C0576088,2,0.0,0.0,1.0,0.0,0.0,0.0,0.0,0.0,0.0,0.0
7,JCIS-2-66-g002,C0576088,2,0.0,0.0,1.0,0.0,0.0,0.0,0.0,0.0,0.0,0.0
8,cios-4-77-g001,C0576088,2,0.0,0.0,1.0,0.0,0.0,0.0,0.0,0.0,0.0,0.0
9,CRIM.ENDOCRINOLOGY2013-190962.002,C0576088,2,0.0,0.0,1.0,0.0,0.0,0.0,0.0,0.0,0.0,0.0
10,CRIM.RADIOLOGY2013-235209.001,C0576088,2,0.0,0.0,1.0,0.0,0.0,0.0,0.0,0.0,0.0,0.0
11,prm-20-229-1,C0576088,2,0.0,0.0,1.0,0.0,0.0,0.0,0.0,0.0,0.0,0.0
12,10195_2011_165_Fig1_HTML,C0576088,2,0.0,0.0,1.0,0.0,0.0,0.0,0.0,0.0,0.0,0.0
13,10195_2011_165_Fig2_HTML,C0576088,2,0.0,0.0,1.0,0.0,0.0,0.0,0.0,0.0,0.0,0.0
14,JCAS-6-171-g001,C0576088,2,0.0,0.0,1.0,0.0,0.0,0.0,0.0,0.0,0.0,0.0
15,1476-0711-4-18-2,C0576088,2,0.0,0.0,1.0,0.0,0.0,0.0,0.0,0.0,0.0,0.0
16,eplasty14ic11_fig1,C0576088,2,0.0,0.0,1.0,0.0,0.0,0.0,0.0,0.0,0.0,0.0
17,kjim-14-2-94-16f4,C0576088,2,0.0,0.0,1.0,0.0,0.0,0.0,0.0,0.0,0.0,0.0
18,JMedLife-04-314-g001,C0576088,2,0.0,0.0,1.0,0.0,0.0,0.0,0.0,0.0,0.0,0.0
19,1546-0096-5-8-4,C0576088,2,0.0,0.0,1.0,0.0,0.0,0.0,0.0,0.0,0.0,0.0
20,EJHS2603-0301Fig2,C0576088,2,0.0,0.0,1.0,0.0,0.0,0.0,0.0,0.0,0.0,0.0
21,EJHS2603-0301Fig4,C0576088,2,0.0,0.0,1.0,0.0,0.0,0.0,0.0,0.0,0.0,0.0
22,IJN-25-317-g002,C0576088,2,0.0,0.0,1.0,0.0,0.0,0.0,0.0,0.0,0.0,0.0
23,JGID-5-85-g001,C0576088,2,0.0,0.0,1.0,0.0,0.0,0.0,0.0,0.0,0.0,0.0
24,JGID-6-125-g001,C0576088,2,0.0,0.0,1.0,0.0,0.0,0.0,0.0,0.0,0.0,0.0
25,JGID-6-125-g002,C0576088,2,0.0,0.0,1.0,0.0,0.0,0.0,0.0,0.0,0.0,0.0
26,AMHSR-4-968-g001,C0576088,2,0.0,0.0,1.0,0.0,0.0,0.0,0.0,0.0,0.0,0.0
27,1477-7819-4-95-2,C0576088,2,0.0,0.0,1.0,0.0,0.0,0.0,0.0,0.0,0.0,0.0
28,rju14702,C0576088,2,0.0,0.0,1.0,0.0,0.0,0.0,0.0,0.0,0.0,0.0
29,poljradiol-79-51-g011,C0576088,2,0.0,0.0,1.0,0.0,0.0,0.0,0.0,0.0,0.0,0.0
30,JNRP-4-138b-g002,C0576088,2,0.0,0.0,1.0,0.0,0.0,0.0,0.0,0.0,0.0,0.0
31,JoU-2016-0023-g002,C0576088,2,0.0,0.0,1.0,0.0,0.0,0.0,0.0,0.0,0.0,0.0
32,CRIM.RADIOLOGY2013-939372.001,C0576088,2,0.0,0.0,1.0,0.0,0.0,0.0,0.0,0.0,0.0,0.0
33,10-1055-s-0033-1354253-i1300029-2,C0576088,2,0.0,0.0,1.0,0.0,0.0,0.0,0.0,0.0,0.0,0.0
34,JCIS-4-40-g002,C0576088,2,0.0,0.0,1.0,0.0,0.0,0.0,0.0,0.0,0.0,0.0
35,1477-7819-6-6-1,C0576088,2,0.0,0.0,1.0,0.0,0.0,0.0,0.0,0.0,0.0,0.0
36,1749-8090-9-49-1,C0576088,2,0.0,0.0,1.0,0.0,0.0,0.0,0.0,0.0,0.0,0.0
37,1752-1947-5-397-6,C0576088,2,0.0,0.0,1.0,0.0,0.0,0.0,0.0,0.0,0.0,0.0
38,1752-1947-2-142-1,C0576088,2,0.0,0.0,1.0,0.0,0.0,0.0,0.0,0.0,0.0,0.0
39,ic-46-199-g001,C0576088,2,0.0,0.0,1.0,0.0,0.0,0.0,0.0,0.0,0.0,0.0
40,JRMS-18-264-g001,C0576088,2,0.0,0.0,1.0,0.0,0.0,0.0,0.0,0.0,0.0,0.0
41,IJRI-25-322-g004,C0576088,2,0.0,0.0,1.0,0.0,0.0,0.0,0.0,0.0,0.0,0.0
42,CRIM.PEDIATRICS2012-386104.003,C0576088,2,0.0,0.0,1.0,0.0,0.0,0.0,0.0,0.0,0.0,0.0
43,IJD-61-324-g004,C0576088,2,0.0,0.0,1.0,0.0,0.0,0.0,0.0,0.0,0.0,0.0
44,12245_2016_110_Fig3_HTML,C0576088,2,0.0,0.0,1.0,0.0,0.0,0.0,0.0,0.0,0.0,0.0
45,12245_2016_110_Fig4_HTML,C0576088,2,0.0,0.0,1.0,0.0,0.0,0.0,0.0,0.0,0.0,0.0
46,1757-1626-2-102-2,C0576088,2,0.0,0.0,1.0,0.0,0.0,0.0,0.0,0.0,0.0,0.0
47,CRIM.DENTISTRY2013-152528.014,C0576088,2,0.0,0.0,1.0,0.0,0.0,0.0,0.0,0.0,0.0,0.0
48,JNRP-4-240-g001,C0576088,2,0.0,0.0,1.0,0.0,0.0,0.0,0.0,0.0,0.0,0.0
49,JNRP-4-240-g004,C0576088,2,0.0,0.0,1.0,0.0,0.0,0.0,0.0,0.0,0.0,0.0
50,13256_2015_657_Fig1_HTML,C0576088,2,0.0,0.0,1.0,0.0,0.0,0.0,0.0,0.0,0.0,0.0
51,13256_2015_657_Fig2_HTML,C0576088,2,0.0,0.0,1.0,0.0,0.0,0.0,0.0,0.0,0.0,0.0
52,13256_2014_3148_Fig1_HTML,C0576088,2,0.0,0.0,1.0,0.0,0.0,0.0,0.0,0.0,0.0,0.0
53,bcr2016216502f01,C0576088,2,0.0,0.0,1.0,0.0,0.0,0.0,0.0,0.0,0.0,0.0
54,13311_2010_3_Fig6_HTML,C0576088,2,0.0,0.0,1.0,0.0,0.0,0.0,0.0,0.0,0.0,0.0
55,cios-3-81-g001,C0576088,2,0.0,0.0,1.0,0.0,0.0,0.0,0.0,0.0,0.0,0.0
56,CRIEM2014-870580.001,C0576088,2,0.0,0.0,1.0,0.0,0.0,0.0,0.0,0.0,0.0,0.0
57,CRIEM2014-870580.002,C0576088,2,0.0,0.0,1.0,0.0,0.0,0.0,0.0,0.0,0.0,0.0
58,IJEM-15-65-g001,C0576088,2,0.0,0.0,1.0,0.0,0.0,0.0,0.0,0.0,0.0,0.0
59,PAMJ-22-132-g005,C0576088,2,0.0,0.0,1.0,0.0,0.0,0.0,0.0,0.0,0.0,0.0
60,CRIOR2016-4930285.006,C0576088,2,0.0,0.0,1.0,0.0,0.0,0.0,0.0,0.0,0.0,0.0
61,PRI2011-607820.010,C0576088,2,0.0,0.0,1.0,0.0,0.0,0.0,0.0,0.0,0.0,0.0
62,AJNS-12-263-g002,C0576088,2,0.0,0.0,1.0,0.0,0.0,0.0,0.0,0.0,0.0,0.0
63,AJNS-12-263-g003,C0576088,2,0.0,0.0,1.0,0.0,0.0,0.0,0.0,0.0,0.0,0.0
64,kjped-54-385-g001,C0576088,2,0.0,0.0,1.0,0.0,0.0,0.0,0.0,0.0,0.0,0.0
65,jscr-2011-1-4fig2,C0576088,2,0.0,0.0,1.0,0.0,0.0,0.0,0.0,0.0,0.0,0.0
66,CRIM.RADIOLOGY2012-642062.003,C0576088,2,0.0,0.0,1.0,0.0,0.0,0.0,0.0,0.0,0.0,0.0
67,ANE2011-794283.003,C0576088,2,0.0,0.0,1.0,0.0,0.0,0.0,0.0,0.0,0.0,0.0
68,edmcr-2017-170013-g004,C0576088,2,0.0,0.0,1.0,0.0,0.0,0.0,0.0,0.0,0.0,0.0
69,cureus-0009-00000001597-i04,C0576088,2,0.0,0.0,1.0,0.0,0.0,0.0,0.0,0.0,0.0,0.0
70,CRIRH2016-2019250.001,C2332719,3,0.0,0.0,0.0,1.0,0.0,0.0,0.0,0.0,0.0,0.0
71,kjlm-31-49-g001,C0796089,4,0.0,0.0,0.0,0.0,1.0,0.0,0.0,0.0,0.0,0.0
72,MGG3-4-599-g001,C0796089,4,0.0,0.0,0.0,0.0,1.0,0.0,0.0,0.0,0.0,0.0
73,JPN-6-19-g004,C0796089,4,0.0,0.0,0.0,0.0,1.0,0.0,0.0,0.0,0.0,0.0
74,381_2016_3074_Fig2_HTML,C0796089,4,0.0,0.0,0.0,0.0,1.0,0.0,0.0,0.0,0.0,0.0
75,kjr-1-98-g003,C0580531,5,0.0,0.0,0.0,0.0,0.0,1.0,0.0,0.0,0.0,0.0
76,DRJ-10-602-g008,C1883520,6,0.0,0.0,0.0,0.0,0.0,0.0,1.0,0.0,0.0,0.0
77,DRJ-10-602-g009,C1883520,6,0.0,0.0,0.0,0.0,0.0,0.0,1.0,0.0,0.0,0.0
78,eplasty10e11_fig7,C2207392,7,0.0,0.0,0.0,0.0,0.0,0.0,0.0,1.0,0.0,0.0
79,IJPS-42-106-g005,C2207392,7,0.0,0.0,0.0,0.0,0.0,0.0,0.0,1.0,0.0,0.0
80,IJPS-41-229-g006,C2207392,7,0.0,0.0,0.0,0.0,0.0,0.0,0.0,1.0,0.0,0.0
81,jkaoms-42-265-g001,C2207392,7,0.0,0.0,0.0,0.0,0.0,0.0,0.0,1.0,0.0,0.0
82,IJPS-42-255-g001,C2207392,7,0.0,0.0,0.0,0.0,0.0,0.0,0.0,1.0,0.0,0.0
83,gox-4-e670-g002,C2207392,7,0.0,0.0,0.0,0.0,0.0,0.0,0.0,1.0,0.0,0.0
84,icrp-2-034-g002,C2207392,7,0.0,0.0,0.0,0.0,0.0,0.0,0.0,1.0,0.0,0.0
85,JETS-03-82-g010,C2207392,7,0.0,0.0,0.0,0.0,0.0,0.0,0.0,1.0,0.0,0.0
86,jced-6-e456-g003,C2207392,7,0.0,0.0,0.0,0.0,0.0,0.0,0.0,1.0,0.0,0.0
87,gox-2-e239-g008,C2207392,7,0.0,0.0,0.0,0.0,0.0,0.0,0.0,1.0,0.0,0.0
88,SNI-2-121-g005,C2207392,7,0.0,0.0,0.0,0.0,0.0,0.0,0.0,1.0,0.0,0.0
89,eplasty17ic02_fig3,C2207392,7,0.0,0.0,0.0,0.0,0.0,0.0,0.0,1.0,0.0,0.0
90,aps-39-130-g003,C2207392,7,0.0,0.0,0.0,0.0,0.0,0.0,0.0,1.0,0.0,0.0
91,pone.0083696.g016,C2207392,7,0.0,0.0,0.0,0.0,0.0,0.0,0.0,1.0,0.0,0.0
92,aps-40-76-g003,C2207392,7,0.0,0.0,0.0,0.0,0.0,0.0,0.0,1.0,0.0,0.0
93,PDIA-33-27775-g003,C2207392,7,0.0,0.0,0.0,0.0,0.0,0.0,0.0,1.0,0.0,0.0
94,cln63_2p0277f5,C2207392,7,0.0,0.0,0.0,0.0,0.0,0.0,0.0,1.0,0.0,0.0
95,wjmh-34-145-g001,C2005967,8,0.0,0.0,0.0,0.0,0.0,0.0,0.0,0.0,1.0,0.0
96,CRIM.OBGYN2013-265159.004,C0018021,9,0.0,0.0,0.0,0.0,0.0,0.0,0.0,0.0,0.0,1.0
97,CRIONM2015-546297.001,C0018021,9,0.0,0.0,0.0,0.0,0.0,0.0,0.0,0.0,0.0,1.0
98,PAMJ-20-278-g001,C0018021,9,0.0,0.0,0.0,0.0,0.0,0.0,0.0,0.0,0.0,1.0
99,IJEM-16-713-g007,C0018021,9,0.0,0.0,0.0,0.0,0.0,0.0,0.0,0.0,0.0,1.0
100,rjv05601,C0018021,9,0.0,0.0,0.0,0.0,0.0,0.0,0.0,0.0,0.0,1.0
101,CRIM.PULMONOLOGY2012-512790.001,C0018021,9,0.0,0.0,0.0,0.0,0.0,0.0,0.0,0.0,0.0,1.0
102,1752-1947-4-15-2,C0018021,9,0.0,0.0,0.0,0.0,0.0,0.0,0.0,0.0,0.0,1.0
103,JCHIMP-6-32369-g002,C0018021,9,0.0,0.0,0.0,0.0,0.0,0.0,0.0,0.0,0.0,1.0
104,gr1_PMC3825995,C0018021,9,0.0,0.0,0.0,0.0,0.0,0.0,0.0,0.0,0.0,1.0
105,gr2_PMC3825995,C0018021,9,0.0,0.0,0.0,0.0,0.0,0.0,0.0,0.0,0.0,1.0
106,gr3_PMC3825995,C0018021,9,0.0,0.0,0.0,0.0,0.0,0.0,0.0,0.0,0.0,1.0
107,gr4_PMC3825995,C0018021,9,0.0,0.0,0.0,0.0,0.0,0.0,0.0,0.0,0.0,1.0
108,gr5_PMC3825995,C0018021,9,0.0,0.0,0.0,0.0,0.0,0.0,0.0,0.0,0.0,1.0
109,gr6_PMC3825995,C0018021,9,0.0,0.0,0.0,0.0,0.0,0.0,0.0,0.0,0.0,1.0
110,gr7_PMC3825995,C0018021,9,0.0,0.0,0.0,0.0,0.0,0.0,0.0,0.0,0.0,1.0
111,gr8_PMC3825995,C0018021,9,0.0,0.0,0.0,0.0,0.0,0.0,0.0,0.0,0.0,1.0
112,gr9_PMC3825995,C0018021,9,0.0,0.0,0.0,0.0,0.0,0.0,0.0,0.0,0.0,1.0
113,gr11_PMC3825995,C0018021,9,0.0,0.0,0.0,0.0,0.0,0.0,0.0,0.0,0.0,1.0
114,1752-1947-5-572-1,C0018021,9,0.0,0.0,0.0,0.0,0.0,0.0,0.0,0.0,0.0,1.0
115,JCIS-6-13-g005,C0018021,9,0.0,0.0,0.0,0.0,0.0,0.0,0.0,0.0,0.0,1.0
116,40064_2014_1212_Fig3_HTML,C0018021,9,0.0,0.0,0.0,0.0,0.0,0.0,0.0,0.0,0.0,1.0
117,40064_2014_1212_Fig4_HTML,C0018021,9,0.0,0.0,0.0,0.0,0.0,0.0,0.0,0.0,0.0,1.0
118,40064_2014_1212_Fig5_HTML,C0018021,9,0.0,0.0,0.0,0.0,0.0,0.0,0.0,0.0,0.0,1.0
119,JFMPC-5-460-g001,C0018021,9,0.0,0.0,0.0,0.0,0.0,0.0,0.0,0.0,0.0,1.0
120,kjim-28-380-g001,C0018021,9,0.0,0.0,0.0,0.0,0.0,0.0,0.0,0.0,0.0,1.0
121,IJEM-17-228-g002,C0018021,9,0.0,0.0,0.0,0.0,0.0,0.0,0.0,0.0,0.0,1.0
122,IJEM-17-228-g003,C0018021,9,0.0,0.0,0.0,0.0,0.0,0.0,0.0,0.0,0.0,1.0
123,IJEM-17-228-g004_PMC3683195,C0018021,9,0.0,0.0,0.0,0.0,0.0,0.0,0.0,0.0,0.0,1.0
124,gr3_PMC4723733,C0018021,9,0.0,0.0,0.0,0.0,0.0,0.0,0.0,0.0,0.0,1.0
125,1752-1947-4-258-1,C0018021,9,0.0,0.0,0.0,0.0,0.0,0.0,0.0,0.0,0.0,1.0
126,IJEM-15-138-g001,C0018021,9,0.0,0.0,0.0,0.0,0.0,0.0,0.0,0.0,0.0,1.0
127,gr1_PMC5199157,C0018021,9,0.0,0.0,0.0,0.0,0.0,0.0,0.0,0.0,0.0,1.0
128,CRIM.MEDICINE2013-923129.001,C0018021,9,0.0,0.0,0.0,0.0,0.0,0.0,0.0,0.0,0.0,1.0
129,1749-7922-7-9-7,C0018021,9,0.0,0.0,0.0,0.0,0.0,0.0,0.0,0.0,0.0,1.0
130,jcb1821031af01,C0018021,9,0.0,0.0,0.0,0.0,0.0,0.0,0.0,0.0,0.0,1.0
131,kjim-26-218-g001,C0018021,9,0.0,0.0,0.0,0.0,0.0,0.0,0.0,0.0,0.0,1.0
132,IJEM-17-366-g001,C0018021,9,0.0,0.0,0.0,0.0,0.0,0.0,0.0,0.0,0.0,1.0
133,IJEM-16-371-g004,C0018021,9,0.0,0.0,0.0,0.0,0.0,0.0,0.0,0.0,0.0,1.0
134,gr5_PMC3920355,C0018021,9,0.0,0.0,0.0,0.0,0.0,0.0,0.0,0.0,0.0,1.0
135,PAMJ-22-72-g004,C0018021,9,0.0,0.0,0.0,0.0,0.0,0.0,0.0,0.0,0.0,1.0
136,1756-0500-6-467-1,C0018021,9,0.0,0.0,0.0,0.0,0.0,0.0,0.0,0.0,0.0,1.0
137,ircmj-17-05-18342-g002,C0018021,9,0.0,0.0,0.0,0.0,0.0,0.0,0.0,0.0,0.0,1.0
138,JMAS-9-116-g003,C0018021,9,0.0,0.0,0.0,0.0,0.0,0.0,0.0,0.0,0.0,1.0
139,IJEM-16-460-g001,C0018021,9,0.0,0.0,0.0,0.0,0.0,0.0,0.0,0.0,0.0,1.0
140,AER-11-110-g003,C0018021,9,0.0,0.0,0.0,0.0,0.0,0.0,0.0,0.0,0.0,1.0
